There are 64 complete graphs.
0 0 0 0 
0 0 0 0
0 0 0 0
0 0 0 0


0 1 0 0
1 0 0 0
0 0 0 0
0 0 0 0


0 0 1 0
0 0 0 0
1 0 0 0
0 0 0 0


0 1 1 0
1 0 0 0
1 0 0 0
0 0 0 0


0 0 0 1
0 0 0 0
0 0 0 0 
1 0 0 0 


0 1 0 1
1 0 0 0
0 0 0 0
1 0 0 0


0 0 1 1
0 0 0 0
1 0 0 0
1 0 0 0


0 1 1 1
1 0 0 0
1 0 0 0
1 0 0 0


0 0 0 0
0 0 1 0
0 1 0 0
0 0 0 0


0 1 0 0
1 0 1 0
0 1 0 0
0 0 0 0


0 0 1 0
0 0 1 0
1 1 0 0
0 0 0 0


0 1 1 0
1 0 1 0
1 1 0 0
0 0 0 0


0 0 0 1
0 0 1 0
0 1 0 0
1 0 0 0


0 1 0 1
1 0 1 0
0 1 0 0
1 0 0 0


0 0 1 1
0 0 1 0
1 1 0 0
1 0 0 0


0 1 1 1
1 0 1 0
1 1 0 0
1 0 0 0


0 0 0 0
0 0 0 1
0 0 0 0
0 1 0 0


0 1 0 0
1 0 0 1
0 0 0 0
0 1 0 0


0 0 1 0
0 0 0 1
1 0 0 0
0 1 0 0


0 1 1 0
1 0 0 1
1 0 0 0
0 1 0 0


0 0 0 1
0 0 0 1
0 0 0 0
1 1 0 0 


0 1 0 1
1 0 0 1
0 0 0 0
1 1 0 0


0 0 1 1
0 0 0 1
1 0 0 0
1 1 0 0


0 1 1 1
1 0 0 1
1 0 0 0
1 1 0 0


0 0 0 0
0 0 1 1
0 1 0 0
0 1 0 0


0 1 0 0
1 0 1 1
0 1 0 0
0 1 0 0


0 0 1 0
0 0 1 1
1 1 0 0
0 1 0 0


0 1 1 0
1 0 1 1
1 1 0 0
0 1 0 0


0 0 0 1 
0 0 1 1
0 1 0 0
1 1 0 0


0 1 0 1
1 0 1 1
0 1 0 0
1 1 0 0


0 0 1 1
0 0 1 1
1 1 0 0
1 1 0 0


0 1 1 1
1 0 1 1
1 1 0 0
1 1 0 0


0 0 0 0
0 0 0 0
0 0 0 1
0 0 1 0


0 1 0 0
1 0 0 0
0 0 0 1
0 0 1 0


0 0 1 0
0 0 0 0
1 0 0 1
0 0 1 0


0 1 1 0
1 0 0 0
1 0 0 1
0 0 1 0


0 0 0 1
0 0 0 0
0 0 0 1
1 0 1 0


0 1 0 1
1 0 0 0
0 0 0 1
1 0 1 0


0 0 1 1
0 0 0 0
1 0 0 1
1 0 1 0


0 1 1 1
1 0 0 0
1 0 0 1
1 0 1 0


0 0 0 0
0 0 1 0
0 1 0 1
0 0 1 0


0 1 0 0
1 0 1 0
0 1 0 1
0 0 1 0


0 0 1 0
0 0 1 0
1 1 0 1
0 0 1 0


0 1 1 0
1 0 1 0
1 1 0 1 
0 0 1 0


0 0 0 1
0 0 1 0
0 1 0 1
1 0 1 0


0 1 0 1
1 0 1 0
0 1 0 1
1 0 1 0


0 0 1 1
0 0 1 0
1 1 0 1
1 0 1 0


0 1 1 1
1 0 1 0
1 1 0 1
1 0 1 0


0 0 0 0
0 0 0 1
0 0 0 1
0 1 1 0


0 1 0 0
1 0 0 1
0 0 0 1
0 1 1 0


0 0 1 0
0 0 0 1
1 0 0 1
0 1 1 0


0 1 1 0
1 0 0 1
1 0 0 1
0 1 1 0


0 0 0 1
0 0 0 1
0 0 0 1
1 1 1 0


0 1 0 1
1 0 0 1
0 0 0 1
1 1 1 0


0 0 1 1
0 0 0 1
1 0 0 1
1 1 1 0


0 1 1 1
1 0 0 1
1 0 0 1
1 1 1 0


0 0 0 0
0 0 1 1
0 1 0 1
0 1 1 0


0 1 0 0
1 0 1 1
0 1 0 1
0 1 1 0


0 0 1 0
0 0 1 1
1 1 0 1
0 1 1 0


0 1 1 0
1 0 1 1
1 1 0 1
0 1 1 0


0 0 0 1 
0 0 1 1
0 1 0 1
1 1 1 0


0 1 0 1
1 0 1 1
0 1 0 1
1 1 1 0


0 0 1 1
0 0 1 1
1 1 0 1
1 1 1 0


0 1 1 1
1 0 1 1
1 1 0 1
1 1 1 0


allgraphs: exec time: 168ms